time1:
0
300
600
Results1:
[119.7278911564626, 119.7278911564626, 119.7278911564626]
[276.94633408919015, 276.9463340891902, 276.9463340891902]
[0.0682, 0.0682, 0.0682]
[4648.977687686005, 4893.605824401437, 5105.775079410184]
[7114.506558905173, 0.00040581600000000003, 0.00040581600000000003]
[0.00040581599999999727, 0.0004058159999999974, 0.00040581599999999754]
[304.1497384564276, 304.107099564761, 304.06446067309474]
[0.561967662382961, 0.5647782861201958, 0.567599622535029]
[0.01559393098888889, 0.01563429165555556, 0.015674652322222222]
[334.0127593251415, 338.18374777162546, 347.1549704863434]
[0.11501264001178231, 0.09990023684747032, 0.06817529581774356]
[0.014757968731217918, 0.015503075043068878, 0.015639310450976253]
[334.04716858549955, 338.2459088600402, 347.2299872593485]
[0.11499451761652699, 0.09988449574796916, 0.06816455373290405]
[0.01477186753914067, 0.01550525666607457, 0.01563989804913104]
[305.1079638639944, 338.5139989114999, 355.7639287450769]
[0.009300752339778402, 0.010055087549954144, 0.01838696930894873]
[0.0002708424037338883, 0.001576739562136608, 0.006019352887852886]
[275.09816000999615, 295.6665295711287, 312.5663235163398]
[0.661214772113263, 0.08466479412936107, 0.07409756423186094]
[0.0028597101134852647, 0.001420033973671523, 0.0032612069213100304]
[304.1497384564276, 304.1070995647609, 304.06446067309474]
[0.5606910057851243, 0.5634952444550713, 0.5663101714659655]
[0.015593930988888888, 0.015634291655555556, 0.015674652322222222]
[301.4732814938103, 323.42406319035433, 335.64963977056084]
[0.009761640804488715, 0.010108988369654522, 0.01175819135476934]
[0.00022789540001488774, 0.0007717330306400641, 0.0016123104445948083]
[319.15, 323.2838427522999, 335.58318959920547]
[0.003676763217734918, 0.010108018080731758, 0.011756334398434699]
[0.00022789540001488774, 0.0007717330306400641, 0.0016123104445948083]
time2:
0
300
600

Results2:
[168.1027966742143, 168.10279667422418, 168.10279667422418]
[228.57142857142864, 228.57142857142864, 228.57142857142864]
[0.0682, 0.0682, 0.0682]
[4895.82841555514, 4902.102303142545, 4908.384993495351]
[10391.06100072088, 5439.482341087911, 2521.7212457946134]
[0.00040581600000000085, 0.00040581600000000085, 0.00040581600000000085]
[304.1497384564277, 304.1070995647055, 304.064460672987]
[0.5615748449682506, 0.5643835043174583, 0.567202868738009]
[0.015593930988888888, 0.01563429165555556, 0.015674652322222222]
[335.3426879383716, 341.25885441347447, 342.0391866175997]
[0.10812578552033343, 0.08709060263931474, 0.08489315832123173]
[0.014757919936962823, 0.015503193824696488, 0.015639213619273774]
[335.4569503980699, 341.2741839657914, 342.04110926785734]
[0.10810873630820672, 0.08707687039720906, 0.0848797725863333]
[0.01477182929415083, 0.015505374999875678, 0.01563980324016031]
[304.89100942430247, 339.61961680018567, 356.72109866357744]
[0.009292987159409936, 0.010123696994346834, 0.01868902228879902]
[0.0002675017099082872, 0.0016695116701552545, 0.006358845643418034]
[304.1497384564277, 304.1070995647055, 304.064460672987]
[0.5610838231998521, 0.5638900267537319, 0.5667069260188079]
[0.015593930988888888, 0.01563429165555556, 0.01567465232222222]
[290.2760507623578, 289.62178602211577, 289.4625370456862]
[0.8849264222262607, 0.9455824300599219, 0.9623273941394291]
[0.010678103158459887, 0.010939491867738453, 0.011019277870156375]
[293.3303639641772, 305.6357791851493, 312.8856520890506]
[0.009674859626139086, 0.009810831648891023, 0.009909595979011464]
[0.00013939698986384637, 0.00029324986491672124, 0.0004417379267561667]
[319.15, 319.15, 319.15]
[0.0022490901616130806, 0.0047309753339572136, 0.007125877716832756]
[0.00013939698986384637, 0.00029324986491672124, 0.0004417379267561667]
